    1    2.1603         0
    2    5.0954         0
    3    2.9511         0
    4    3.2724         0
    5    2.7388         0
    6    3.7199         0
    7    2.7050         0
    8   10.7620         0
    9   -1.1000         0
   10   -3.1629         0
   11   -1.0220         0
   12   -0.8800         0
   13    1.0992         0
   14    1.8946         0
   15    1.7444         0
   16    4.0240         0
   17    3.5678         0
   18    4.6537         0
   19    7.7348         0
   20    6.0692         0
   21   -1.4498         0
   22   -4.5869         0
   23    5.1058         0
   24   -3.1069         0
   25    2.6003         0
   26    2.5064         0
   27    9.0815         0
   28    2.1924         0
   29    0.8780         0
   30    3.1074         0
   31    3.1374         0
   32    2.6101         0
   33    0.5743         0
   34   -1.2678         0
   35    3.3495         0
   36   -1.6286         0
   37   -0.6966         0
   38    6.3936         0
   39    1.1433         0
   40    1.9790         0
   41    5.0995         0
   42    1.4997         0
   43    5.4881         0
   44    1.3648         0
   45    5.4384         0
   46    4.2880         0
   47    1.7610         0
   48   -0.1971         0
   49   -0.7293         0
   50    1.5898         0
   51    1.0856         0
   52    1.1740         0
   53    5.3506         0
   54    1.5069         0
   55    5.8310         0
   56    0.8051         0
   57    5.3177         0
   58    0.8332         0
   59    2.9297         0
   60    5.3122         0
   61    1.1581         0
   62    1.0852         0
   63    8.4102         0
   64    5.2530         0
   65    1.1040         0
   66    4.3468         0
   67    1.3198         0
   68    4.5177         0
   69    6.6475         0
   70   -2.4135         0
   71    5.4866         0
   72    6.7739         0
   73    2.5424         0
   74    7.6388         0
   75    2.8662         0
   76   -1.3114         0
   77   -4.1805         0
   78    1.3998         0
   79    4.5406         0
   80    3.3522         0
   81    3.6408         0
   82    0.6687         0
   83    2.8320         0
   84   -2.5160         0
   85    0.1197         0
   86   -0.0564         0
   87    3.9592         0
   88    2.3575         0
   89   -1.0666         0
   90    2.3714         0
   91    0.3306         0
   92    0.3999         0
   93    4.9924         0
   94    2.7403         0
   95    3.5951         0
   96    5.0519         0
   97    2.9408         0
   98    4.0526         0
   99    4.4489         0
  100    5.9118         0
  101    3.8276         0
  102    6.6367         0
  103    2.4678         0
  104    2.2564         0
  105    7.5040         0
  106    0.8709         0
  107    2.3914         0
  108    5.1596         0
  109    2.8494         0
  110    6.6148         0
  111    5.5024         0
  112    3.2747         0
  113    0.0669         0
  114    4.1001         0
  115   -1.7479         0
  116    3.1334         0
  117    4.8253         0
  118    3.0391         0
  119    5.0390         0
  120    8.5166         0
  121    5.1718         0
  122    3.2008         0
  123    4.3250         0
  124    3.6765         0
  125   -1.5442         0
  126    1.1508         0
  127    6.0741         0
  128    2.2692         0
  129    4.1473         0
  130   -0.6195         0
  131    2.5936         0
  132    4.2009         0
  133   -1.6845         0
  134    3.4428         0
  135    1.8545         0
  136   -0.4186         0
  137    2.2874         0
  138   -3.2889         0
  139   -3.9839         0
  140   -1.1308         0
  141   -0.5716         0
  142   -1.1191         0
  143   -2.7763         0
  144    3.2647         0
  145   -2.3826         0
  146    2.7307         0
  147    4.7612         0
  148    2.3933         0
  149    2.6793         0
  150    1.2655         0
  151   -2.0480         0
  152    2.2685         0
  153    5.2825         0
  154    7.6147         0
  155    1.1094         0
  156   -2.4820         0
  157    2.8990         0
  158    3.5288         0
  159    1.7191         0
  160   -1.0467         0
  161    8.4730         0
  162   -4.6786         0
  163    0.8701         0
  164   -1.5649         0
  165    0.4916         0
  166    3.3536         0
  167    2.8141         0
  168    0.2678         0
  169    4.7310         0
  170    4.2672         0
  171    4.3421         0
  172    1.1231         0
  173    5.5457         0
  174    4.3821         0
  175    9.9263         0
  176    5.5904         0
  177    5.8708         0
  178    2.5589         0
  179   -1.4652         0
  180    1.2863         0
  181    0.1266         0
  182    0.7081         0
  183    4.0654         0
  184    0.7297         0
  185   -0.2853         0
  186    1.1720         0
  187    1.9173         0
  188    3.6280         0
  189   -0.4579         0
  190    3.3520         0
  191    2.6341         0
  192    6.3732         0
  193    1.7605         0
  194    1.9966         0
  195   -1.1141         0
  196   -1.7558         0
  197    3.3315         0
  198    1.6515         0
  199    3.9112         0
  200   -0.2780         0
  201    8.1255         0
  202    2.7667         0
  203    5.5411         0
  204    1.7192         0
  205    1.9125         0
  206    4.4702         0
  207    4.0673         0
  208   -0.9608         0
  209   -2.1981         0
  210   -0.8936         0
  211   -1.8473         0
  212    2.5787         0
  213    1.1662         0
  214    1.2960         0
  215   -1.6829         0
  216    4.7387         0
  217    3.7182         0
  218    2.1311         0
  219    5.4635         0
  220   -0.2219         0
  221    3.6441         0
  222    3.4453         0
  223    3.4478         0
  224    0.2123         0
  225    3.3805         0
  226    0.8554         0
  227   -0.2893         0
  228   -1.2098         0
  229    5.5134         0
  230   -0.1378         0
  231    1.8813         0
  232   -1.2260         0
  233    1.5086         0
  234   -7.2961         0
  235   -0.8609         0
  236   -1.8793         0
  237   -0.6434         0
  238    1.7602         0
  239    1.4240         0
  240    8.2332         0
  241    0.6847         0
  242    1.6499         0
  243   -2.3079         0
  244    0.9679         0
  245   -1.6139         0
  246    2.4909         0
  247    4.9593         0
  248    3.6128         0
  249    0.2981         0
  250   -2.4916         0
  251    6.7800         0
  252    8.5501         0
  253    2.7615         0
  254   -0.5697         0
  255    5.9933         0
  256    0.6220         0
  257    0.9906         0
  258    5.0591         0
  259   -1.7557         0
  260   -3.4703         0
  261    3.6621         0
  262    3.6022         0
  263    2.6854         0
  264    3.8901         0
  265    5.6467         0
  266    5.3113         0
  267    0.6943         0
  268    4.8299         0
  269    2.9197         0
  270    0.8834         0
  271   -1.1799         0
  272    4.3409         0
  273    1.3391         0
  274    2.5393         0
  275    0.0212         0
  276   -2.2515         0
  277    2.9148         0
  278    2.2136         0
  279    5.9971         0
  280    4.8051         0
  281    5.5599         0
  282    0.1534         0
  283   -0.4090         0
  284   -1.4073         0
  285    3.8939         0
  286   10.7672         0
  287    4.5827         0
  288    0.0808         0
  289    4.9099         0
  290   -0.9850         0
  291   -1.8734         0
  292    4.5523         0
  293    0.0663         0
  294    3.3480         0
  295    6.6196         0
  296    3.6034         0
  297    5.1890         0
  298   -2.4174         0
  299    4.3846         0
  300    8.8155         0
  301    4.0234         0
  302   -2.2226         0
  303    1.7906         0
  304    0.9001         0
  305    3.5491         0
  306    3.6361         0
  307    3.6165         0
  308    1.3087         0
  309    0.6022         0
  310    0.6312         0
  311    4.9606         0
  312   -3.1590         0
  313    1.7781         0
  314    3.2111         0
  315    0.4417         0
  316    3.8317         0
  317    2.1860         0
  318   -0.4149         0
  319    2.8841         0
  320    1.5955         0
  321    1.1704         0
  322    0.2660         0
  323    2.5843         0
  324   -3.1384         0
  325    1.2050         0
  326    0.7694         0
  327   -0.3357         0
  328    4.3581         0
  329    0.1972         0
  330    4.0219         0
  331    5.3275         0
  332    1.9294         0
  333    3.2334         0
  334    4.3186         0
  335    2.1571         0
  336    4.0226         0
  337   -1.3877         0
  338    5.7313         0
  339   -0.5687         0
  340   -3.0865         0
  341    6.5535         0
  342    2.2118         0
  343    3.7468         0
  344    1.3102         0
  345   -0.6618         0
  346   -6.8190         0
  347    4.2788         0
  348    1.5399         0
  349    1.8080         0
  350    3.6168         0
  351   -1.8580         0
  352    0.2117         0
  353    5.8420         0
  354    4.1936         0
  355   -1.4438         0
  356   -4.2098         0
  357    0.6863         0
  358    3.0420         0
  359    5.2271         0
  360    2.6812         0
  361   -0.9669         0
  362    3.3185         0
  363   -1.1170         0
  364   -0.4829         0
  365    0.4388         0
  366   -1.2882         0
  367    1.5871         0
  368   -0.2999         0
  369    1.5429         0
  370    1.0127         0
  371    1.1706         0
  372    0.8894         0
  373    6.0999         0
  374    4.2309         0
  375    2.5772         0
  376   -2.0008         0
  377   -2.4774         0
  378   -3.4943         0
  379   10.2156         0
  380    5.3171         0
  381    3.1709         0
  382   -0.5227         0
  383   -1.0391         0
  384    4.0429         0
  385    7.0953         0
  386   -2.6800         0
  387    1.0518         0
  388    2.1471         0
  389   -3.5760         0
  390    4.9237         0
  391    1.1560         0
  392    8.1365         0
  393    1.2273         0
  394    3.6275         0
  395   -1.0273         0
  396    0.5254         0
  397   -1.1062         0
  398    3.5777         0
  399    6.3055         0
  400    0.6191         0
  401    3.7091         0
  402    0.8869         0
  403    2.7063         0
  404    5.9888         0
  405    2.7608         0
  406   -0.7105         0
  407   -0.1713         0
  408    1.8904         0
  409    1.8250         0
  410   -0.1974         0
  411    2.9420         0
  412    6.1996         0
  413    1.6465         0
  414    1.7863         0
  415   -4.2046         0
  416    0.0765         0
  417   -1.7798         0
  418    1.2413         0
  419    3.9768         0
  420    6.9698         0
  421    7.7955         0
  422    2.0493         0
  423    1.4394         0
  424    4.8525         0
  425    3.8705         0
  426    4.6958         0
  427    4.7348         0
  428   -2.0409         0
  429    4.0211         0
  430    2.1254         0
  431    0.1192         0
  432    0.3192         0
  433    6.2444         0
  434   -0.0292         0
  435   -1.3105         0
  436    3.0441         0
  437    8.4323         0
  438    2.4767         0
  439    3.3249         0
  440   -0.4147         0
  441    7.4226         0
  442    2.7750         0
  443    3.9903         0
  444   -0.4562         0
  445    4.9621         0
  446    3.5674         0
  447   -1.0680         0
  448    2.5192         0
  449    1.0482         0
  450    2.7277         0
  451    1.6483         0
  452    1.8303         0
  453   -0.6987         0
  454    1.4301         0
  455    4.6996         0
  456    7.6340         0
  457   -1.0816         0
  458    9.5322         0
  459    6.9782         0
  460    2.9055         0
  461    1.4964         0
  462    0.3040         0
  463    4.8983         0
  464    0.3162         0
  465    1.0144         0
  466    5.0509         0
  467    3.7078         0
  468    5.0902         0
  469    3.9142         0
  470    1.1973         0
  471    0.8585         0
  472    4.7891         0
  473    0.3864         0
  474    5.9600         0
  475    4.7721         0
  476    3.2632         0
  477    2.4097         0
  478    3.4969         0
  479   12.9800         0
  480    2.0627         0
  481   -2.2698         0
  482    8.1453         0
  483    4.2295         0
  484    0.4563         0
  485   10.2520         0
  486    4.0529         0
  487    3.2826         0
  488    0.0665         0
  489   -0.7948         0
  490   -2.9052         0
  491    1.1312         0
  492   -0.7593         0
  493    4.3433         0
  494    1.4471         0
  495    7.7070         0
  496    6.9317         0
  497    2.8920         0
  498    1.5517         0
  499    5.8565         0
  500   -1.0395         0
  501    8.3847         1
  502   12.0031         1
  503   11.5607         1
  504    5.7652         1
  505    6.6803         1
  506   10.1350         1
  507    7.6813         1
  508   11.7453         1
  509    4.4529         1
  510    9.0867         1
  511    8.3534         1
  512   12.7674         1
  513    1.8180         1
  514    7.2030         1
  515    7.4140         1
  516   -2.1676         1
  517   12.1924         1
  518   18.4369         1
  519    6.2713         1
  520    8.3481         1
  521    5.3416         1
  522    8.7373         1
  523    5.6807         1
  524    6.7929         1
  525   13.6726         1
  526    3.8111         1
  527    4.8965         1
  528    6.8963         1
  529    6.6701         1
  530   12.9572         1
  531   15.3251         1
  532    3.2872         1
  533    4.6359         1
  534    9.2819         1
  535    5.6772         1
  536   15.1714         1
  537   13.7435         1
  538    9.4361         1
  539    9.4546         1
  540    5.8464         1
  541   10.2546         1
  542   11.7098         1
  543    7.7663         1
  544   14.9125         1
  545    9.8826         1
  546    6.7596         1
  547    8.6838         1
  548   11.5864         1
  549    5.6073         1
  550    6.8581         1
  551   16.6931         1
  552    5.3043         1
  553   10.9854         1
  554   10.4726         1
  555   13.5559         1
  556    9.3040         1
  557   -2.6608         1
  558    3.7899         1
  559    9.2469         1
  560    8.2311         1
  561   15.0498         1
  562   12.8253         1
  563    9.1873         1
  564    7.5313         1
  565    1.0061         1
  566   14.6526         1
  567    7.7361         1
  568    1.0160         1
  569    8.9331         1
  570    7.6118         1
  571    4.9186         1
  572    9.1722         1
  573    4.3699         1
  574    1.8079         1
  575    0.1828         1
  576    5.7448         1
  577    4.6916         1
  578    8.9606         1
  579    1.1894         1
  580    6.3671         1
  581    1.1795         1
  582   14.4390         1
  583    6.7321         1
  584   12.1048         1
  585    9.1798         1
  586   10.8344         1
  587    2.5831         1
  588   12.2302         1
  589   13.0101         1
  590   -1.1072         1
  591    6.4940         1
  592    4.5917         1
  593    7.8261         1
  594    3.7991         1
  595    8.3162         1
  596    9.5884         1
  597    8.1789         1
  598    6.7266         1
  599    2.0424         1
  600    7.4303         1
  601    5.1163         1
  602    2.0839         1
  603    6.9751         1
  604    6.3613         1
  605    7.9684         1
  606   11.1693         1
  607    9.5050         1
  608   12.4231         1
  609    4.2828         1
  610    3.7417         1
  611    6.8203         1
  612   12.7329         1
  613   12.4147         1
  614    6.6968         1
  615    4.8125         1
  616    1.1174         1
  617    9.8874         1
  618    7.2914         1
  619    2.4888         1
  620    5.8617         1
  621   -0.1178         1
  622    8.9200         1
  623    6.5040         1
  624   13.7250         1
  625    1.7623         1
  626   11.0820         1
  627    7.7746         1
  628    7.5304         1
  629   10.0667         1
  630   11.9739         1
  631    2.9158         1
  632   12.4756         1
  633    2.3600         1
  634    2.9035         1
  635    4.5098         1
  636   10.1458         1
  637    2.9202         1
  638    8.5389         1
  639    8.8475         1
  640    7.8165         1
  641    9.4183         1
  642    2.5086         1
  643   11.2303         1
  644    7.6541         1
  645   10.1202         1
  646    3.2660         1
  647    7.4081         1
  648   10.7104         1
  649   11.2566         1
  650    6.8626         1
  651   -0.2141         1
  652    2.8127         1
  653    8.0745         1
  654   10.3770         1
  655    9.0525         1
  656    4.7495         1
  657   16.1776         1
  658    7.4894         1
  659   10.6621         1
  660    5.5372         1
  661    2.7402         1
  662    9.9410         1
  663   11.3507         1
  664   14.4888         1
  665    5.0840         1
  666    0.6881         1
  667   13.6692         1
  668    8.2565         1
  669    2.6914         1
  670    4.9633         1
  671    3.9646         1
  672   11.8440         1
  673    9.5684         1
  674    8.1710         1
  675    8.1619         1
  676    3.9140         1
  677   11.1724         1
  678    8.5856         1
  679    6.1555         1
  680    6.4611         1
  681    6.7931         1
  682    3.6518         1
  683   10.1655         1
  684   12.7688         1
  685   17.0956         1
  686    9.2157         1
  687    3.9101         1
  688    8.0039         1
  689    3.1718         1
  690    4.7473         1
  691    4.5641         1
  692    3.8671         1
  693    8.7127         1
  694    2.7386         1
  695    9.8690         1
  696   10.3813         1
  697   11.3500         1
  698    7.1183         1
  699    9.6758         1
  700   14.4123         1
